점수 : 50  마지막 키 : s 마지막 M키 : d
1111111111111111111111
1000000000000000000001
1000000000000000000001
1002222222222222000001
1002022222222232200001
1002020042222222200001
1002020000000002200001
1002020000500002200001
1002220000000002200001
1000000000000002200001
1000000000000002200001
1000000000000000000001
1000000000000000000001
1000000000000000000001
1000000000000000000001
1000000000000000000001
1000000000000000000001
1000000000000000000001
1000000000000000000001
1111111111111111111111
1000000000000000000001
1000000000000000000001
1000000000000000000001
1111111111111111111111
점수 : 23  마지막 키 : s 마지막 M키 : d
1111111111111111111111
1000000000000000000001
1000000000000000000001
1000000000000000000001
1000000000000000000001
1000000000000000000001
1000000000000000000001
1000000000000000222221
1000000000000000222221
1000000000000000222221
1000000000000000222321
1000000000000042222221
1000000000000000000001
1000000000000000000001
1000000000000000000501
1000000000000000000001
1000000000000000000001
1000000000000000000001
1000000000000000000001
1111111111111111111111
1000000000000000000001
1000000000000000000001
1000000000000000000001
1111111111111111111111
점수 : 43  마지막 키 : a 마지막 M키 : s
1111111111111111111111
1000000000000000000001
1000000000000000000001
1000000000000000000001
1000000000000000000001
1000000000000000000401
1000000000000000000201
1000000000000000000201
1000000000000000002201
1000000002222222222001
1000000002000000000001
1000000002000000000001
1000000002000000000001
1000002222000000000001
1000002222222222000001
1000502322000002000001
1000002222222222000001
1000000000000000000001
1000000000000000000001
1111111111111111111111
1000000000000000000001
1000000000000000000001
1000000000000000000001
1111111111111111111111
점수 : 38  마지막 키 : a 마지막 M키 : w
1111111111111111111111
1000000000000000000001
1022222222222222222221
1020000000000000000221
1020000000000002222231
1020000000050002222221
1020000000000000000001
1020000000000000000001
1020000000000000000001
1020000000000000000001
1020000000000000000001
1040000000000000000001
1000000000000000000001
1000000000000000000001
1000000000000000000001
1000000000000000000001
1000000000000000000001
1000000000000000000001
1000000000000000000001
1111111111111111111111
1000000000000000000001
1000000000000000000001
1000000000000000000001
1111111111111111111111
점수 : 31  마지막 키 : s 마지막 M키 : d
1111111111111111111111
1000000000000000000001
1000000000000000000001
1000000000000000000001
1005000000000000000001
1000000000000000000001
1000000000000000000001
1000000000000000000001
1000000000000000000001
1022222222200000000001
1022222223200000000001
1022222222200000000001
1020000002200000000001
1022224000000000000001
1000000000000000000001
1000000000000000000001
1000000000000000000001
1000000000000000000001
1000000000000000000001
1111111111111111111111
1000000000000000000001
1000000000000000000001
1000000000000000000001
1111111111111111111111
점수 : 27  마지막 키 : d 마지막 M키 : s
1111111111111111111111
1000000000000000000001
1000000000000000000001
1000000000000000000001
1000000000000000000001
1000000000000000000001
1000000000500000000001
1000000000000000000001
1000002222000000000001
1000002222000000000001
1000002322000000000001
1000002222000000000001
1000000002000000000001
1000000222000000000001
1000000200000000000001
1000000200000000000001
1000000200000000000001
1222222200000000000001
1400000000000000000001
1111111111111111111111
1000000000000000000001
1000000000000000000001
1000000000000000000001
1111111111111111111111
점수 : 15  마지막 키 : w 마지막 M키 : d
1111111111111111111111
1000000000000000000001
1000000000000000005001
1000000000000000000001
1000000000000000000001
1000000000000000000001
1000000000000000000001
1000000000000000000001
1000000000000000000001
1000000000000000000001
1000000000000000022201
1000000000000000023201
1000000000222222222201
1000000000200000000001
1000000000200000000001
1000000000400000000001
1000000000000000000001
1000000000000000000001
1000000000000000000001
1111111111111111111111
1000000000000000000001
1000000000000000000001
1000000000000000000001
1111111111111111111111
점수 : 22  마지막 키 : w 마지막 M키 : d
1111111111111111111111
1000000000000000000001
1000005000000000000001
1000000000000000000001
1000000000000000000001
1000000000000000000001
1000000000000000000001
1000000000000000000001
1000000000000000000001
1000000000000000000001
1000000000000000000001
1000000000000000000001
1000000000000000000001
1000000000222000000001
1000000000202000000001
1000000000202000000001
1000000422222000000001
1000022222220000000001
1000023222200000000001
1111111111111111111111
1000000000000000000001
1000000000000000000001
1000000000000000000001
1111111111111111111111
점수 : 59  마지막 키 : d 마지막 M키 : d
1111111111111111111111
1000000000000000000001
1222222000000000000001
1200222000000000000001
1200222022222224000001
1200222020222222000001
1200222022000000000001
1200222232000000000001
1200002222000000000001
1200002000000000000001
1200002000000000000001
1200002000000000000001
1222222000000000000001
1000000000000000000001
1000000000000000500001
1000000000000000000001
1000000000000000000001
1000000000000000000001
1000000000000000000001
1111111111111111111111
1000000000000000000001
1000000000000000000001
1000000000000000000001
1111111111111111111111
점수 : 27  마지막 키 : a 마지막 M키 : w
1111111111111111111111
1000000000000000000001
1000000000000000000001
1000000000000000000001
1000000000000050000001
1000000000000000000001
1000000000000000000001
1000000000000000000001
1000000000002222220001
1000000000004022320001
1000000000000022220001
1000000000000022220001
1000000000000022220001
1000000000000022220001
1000000000000022220001
1000000000000000000001
1000000000000000000001
1000000000000000000001
1000000000000000000001
1111111111111111111111
1000000000000000000001
1000000000000000000001
1000000000000000000001
1111111111111111111111
점수 : 30  마지막 키 : s 마지막 M키 : d
1111111111111111111111
1000000022222232200001
1000000022222222200001
1000000000000000200001
1000000000000000200001
1000000000000000200001
1000000000000000200001
1000000000000000200001
1000000000000000200001
1000000000000000200001
1000000000050000200001
1000000000000000200001
1000000000000000200001
1000000000000000200001
1000000000000000200001
1000000000000000200001
1000000000000042200001
1000000000000000000001
1000000000000000000001
1111111111111111111111
1000000000000000000001
1000000000000000000001
1000000000000000000001
1111111111111111111111
점수 : 51  마지막 키 : s 마지막 M키 : a
1111111111111111111111
1000000000000000000001
1000000222222000000001
1000000202202222200001
1000000222200000200001
1000002220200000200001
1000002220200000200001
1000002220200000200001
1022222320200000220001
1022222222200000020001
1000000000000000040001
1000000000000000000001
1000050000000000000001
1000000000000000000001
1000000000000000000001
1000000000000000000001
1000000000000000000001
1000000000000000000001
1000000000000000000001
1111111111111111111111
1000000000000000000001
1000000000000000000001
1000000000000000000001
1111111111111111111111
점수 : 57  마지막 키 : a 마지막 M키 : s
1111111111111111111111
1000000000000000000001
1000000000000000000001
1000000000000000000001
1000000000222000000001
1000000000202200000001
1050000000200220000001
1000000000202220000001
1000000000202220000001
1000000000202220000001
1000000000202220000001
1000000000202220000001
1000000000202220000001
1000000222204220000001
1000000222000220000001
1000000232222220000001
1000000222222220000001
1000000000000000000001
1000000000000000000001
1111111111111111111111
1000000000000000000001
1000000000000000000001
1000000000000000000001
1111111111111111111111
점수 : 44  마지막 키 : s 마지막 M키 : d
1111111111111111111111
1000222222000000000001
1000222222000000000001
1000220022000000000001
1000222222222200000001
1000222222223200000001
1000222222222200000001
1000200000000000000001
1000400000000000000001
1000000000000000000001
1000000000000000000001
1000000000000000000001
1000000050000000000001
1000000000000000000001
1000000000000000000001
1000000000000000000001
1000000000000000000001
1000000000000000000001
1000000000000000000001
1111111111111111111111
1000000000000000000001
1000000000000000000001
1000000000000000000001
1111111111111111111111
점수 : 26  마지막 키 : s 마지막 M키 : a
1111111111111111111111
1000000000000000000001
1000000000000000000001
1000000000000000000001
1000000000000000000001
1000000000000000000001
1000000000000000000001
1000002222222200000001
1000002322222200000001
1000002222222200000001
1000000000000222224001
1000000000000000000001
1000000000000000000001
1000000000000000000001
1000000000000500000001
1000000000000000000001
1000000000000000000001
1000000000000000000001
1000000000000000000001
1111111111111111111111
1000000000000000000001
1000000000000000000001
1000000000000000000001
1111111111111111111111
점수 : 33  마지막 키 : w 마지막 M키 : a
1111111111111111111111
1000000000000000000001
1000000000000000000001
1000000000000000000001
1000000000000000000001
1000000000000000000001
1000000022200000000001
1000000020200000000001
1050000020200000000001
1000000020200000000001
1000000022200000000001
1000000022000000000001
1222222222000000000001
1232222222000000000001
1222240000000000000001
1000000000000000000001
1000000000000000000001
1000000000000000000001
1000000000000000000001
1111111111111111111111
1000000000000000000001
1000000000000000000001
1000000000000000000001
1111111111111111111111
점수 : 44  마지막 키 : d 마지막 M키 : d
1111111111111111111111
1000000000000000000001
1000000000000000000001
1000000000000000000001
1000000000000000000001
1000000000000000000001
1000000000050000000001
1000000000000000000001
1000000000000000000001
1000000000000000000001
1000000000000000000001
1000000000000000000001
1000000042200000000001
1000000000200000000001
1002222222222200000001
1002222232222200000001
1002222222222200000001
1002222222222200000001
1000000000000000000001
1111111111111111111111
1000000000000000000001
1000000000000000000001
1000000000000000000001
1111111111111111111111
점수 : 32  마지막 키 : s 마지막 M키 : a
1111111111111111111111
1000000000000000000001
1000000000000000000001
1022222222222000000001
1023222222222000000001
1022222222222220000001
1000000000000040000001
1000000000000000000001
1050000000000000000001
1000000000000000000001
1000000000000000000001
1000000000000000000001
1000000000000000000001
1000000000000000000001
1000000000000000000001
1000000000000000000001
1000000000000000000001
1000000000000000000001
1000000000000000000001
1111111111111111111111
1000000000000000000001
1000000000000000000001
1000000000000000000001
1111111111111111111111
점수 : 34  마지막 키 : s 마지막 M키 : a
1111111111111111111111
1000000000000000000001
1000000000000000000001
1000000000000000000001
1000000000000000000001
1000000000000422000001
1000000022000002000001
1000000022000002000001
1002222222000002000001
1002322222000002000001
1002222222222222000001
1000000000000000000001
1000000050000000000001
1000000000000000000001
1000000000000000000001
1000000000000000000001
1000000000000000000001
1000000000000000000001
1000000000000000000001
1111111111111111111111
1000000000000000000001
1000000000000000000001
1000000000000000000001
1111111111111111111111
점수 : 34  마지막 키 : w 마지막 M키 : d
1111111111111111111111
1000000000000000000001
1000000000000000000001
1000000000000000000001
1000000000000000000001
1000000000000000000001
1000000000000000000001
1000000000000000000001
1000000000000000000001
1000000000000000000001
1000000000000000000001
1000000000000000000001
1000000000050000000001
1000000000000000000001
1022222222222220000001
1020000000222220000001
1020000000232200000001
1022222222222224000001
1000000000000000000001
1111111111111111111111
1000000000000000000001
1000000000000000000001
1000000000000000000001
1111111111111111111111
점수 : 60  마지막 키 : d 마지막 M키 : d
1111111111111111111111
1000000000000000000001
1000000002222000000001
1000000002002000000501
1000000002002000000001
1000000002222000000001
1000000000022000000001
1000000000022000000001
1000000000022200000001
1000000000023220000001
1000000000002220000001
1000000000002220000001
1000422222222220000001
1000000000022220000001
1000000000022220000001
1000000000022220000001
1000000000022220000001
1000000000022220000001
1000000000022220000001
1111111111111111111111
1000000000000000000001
1000000000000000000001
1000000000000000000001
1111111111111111111111
점수 : 31  마지막 키 : a 마지막 M키 : s
1111111111111111111111
1000000000000000000001
1000000000000000000001
1000000000000000000001
1022400000000000000001
1020000000000000000001
1020002222220000000001
1020002222220000000001
1020002222320000000001
1022222222220000000001
1000000000000000000001
1000000000000000000001
1000005000000000000001
1000000000000000000001
1000000000000000000001
1000000000000000000001
1000000000000000000001
1000000000000000000001
1000000000000000000001
1111111111111111111111
1000000000000000000001
1000000000000000000001
1000000000000000000001
1111111111111111111111
점수 : 14  마지막 키 : s 마지막 M키 : d
1111111111111111111111
1000000000000000000001
1000000000000000000001
1000000000000000050001
1000000000000000000001
1000000000000000000001
1000000000000000000001
1000000000000000000001
1000000000000002222201
1000000000000002223201
1000000000004222222201
1000000000000000000001
1000000000000000000001
1000000000000000000001
1000000000000000000001
1000000000000000000001
1000000000000000000001
1000000000000000000001
1000000000000000000001
1111111111111111111111
1000000000000000000001
1000000000000000000001
1000000000000000000001
1111111111111111111111
점수 : 29  마지막 키 : d 마지막 M키 : w
1111111111111111111111
1000000000000000000001
1000000000000000000001
1000000000000000000001
1000000000000000000001
1000000000000000000001
1000000000000000000001
1000000000000000000001
1000000000002220000501
1000000000002320000001
1000000000002220000001
1000000000002220000001
1000000000002220000001
1000000000002220000001
1000000000000020000001
1000000000000020000001
1000000000002220000001
1004222222222000000001
1000000000000000000001
1111111111111111111111
1000000000000000000001
1000000000000000000001
1000000000000000000001
1111111111111111111111
점수 : 21  마지막 키 : s 마지막 M키 : a
1111111111111111111111
1322220000000000000001
1222220000000000000001
1222220000000000000001
1000020000000000000001
1000020000000000000001
1000420000000000000001
1000220000000000000001
1000220000000000000001
1000220000000000000001
1000000000000000000001
1000000000000000000001
1000500000000000000001
1000000000000000000001
1000000000000000000001
1000000000000000000001
1000000000000000000001
1000000000000000000001
1000000000000000000001
1111111111111111111111
1000000000000000000001
1000000000000000000001
1000000000000000000001
1111111111111111111111
