점수 : 30  마지막 키 : s 마지막 M키 : a
1111111111111111111111
1000000000000000000001
1000000000000000000001
1000000000000000000001
1000000000000000000001
1000000222400000022221
1000000232222222220021
1500000222222222222221
1000000000000000000001
1000000000000000000001
1000000000000000000001
1000000000000000000001
1000000000000000000001
1000000000000000000001
1000000000000000000001
1000000000000000000001
1000000000000000000001
1000000000000000000001
1000000000000000000001
1111111111111111111111
1000000000000000000001
1000000000000000000001
1000000000000000000001
1111111111111111111111
점수 : 33  마지막 키 : a 마지막 M키 : w
1111111111111111111111
1000000000000000000001
1000000000000004222201
1000000000000000223201
1000000000000000222201
1000000000000000222201
1000000000000000222201
1005000000000000222201
1000000000000000222201
1000000000000000222201
1000000000000000222201
1000000000000000000001
1000000000000000000001
1000000000000000000001
1000000000000000000001
1000000000000000000001
1000000000000000000001
1000000000000000000001
1000000000000000000001
1111111111111111111111
1000000000000000000001
1000000000000000000001
1000000000000000000001
1111111111111111111111
점수 : 47  마지막 키 : s 마지막 M키 : a
1111111111111111111111
1322222222200000000001
1222222222200000000001
1200000000000000000001
1200000000000000000001
1200000000000000000001
1200000000000000000001
1205000000000000000001
1200000000000000000001
1200000000000000000001
1200000000000000000001
1200000000000000000001
1200000000000000000001
1200000000000000000001
1200000000000000000001
1200000000000000000001
1200000000000000000001
1222222222240000000001
1000022222200000000001
1111111111111111111111
1000000000000000000001
1000000000000000000001
1000000000000000000001
1111111111111111111111
점수 : 29  마지막 키 : d 마지막 M키 : d
1111111111111111111111
1000000000000000000001
1002220000000000000001
1002022222222000000001
1002022222232200000001
1002022222222200000001
1004000000000000000001
1000000000000000000001
1000000000000000000001
1000000000000000000001
1000000000000000000001
1000000000000050000001
1000000000000000000001
1000000000000000000001
1000000000000000000001
1000000000000000000001
1000000000000000000001
1000000000000000000001
1000000000000000000001
1111111111111111111111
1000000000000000000001
1000000000000000000001
1000000000000000000001
1111111111111111111111
점수 : 29  마지막 키 : s 마지막 M키 : a
1111111111111111111111
1000000000000000000001
1000000000000000000001
1000000000000000000001
1000000000000000000001
1000000000000000000001
1000000000000000000001
1000000000000000000001
1000000000000000000001
1000000002222222222201
1000000002220000000201
1000004222320000000201
1000000002222222222201
1000000000000000000001
1000000000000000000001
1000000000000000000001
1500000000000000000001
1000000000000000000001
1000000000000000000001
1111111111111111111111
1000000000000000000001
1000000000000000000001
1000000000000000000001
1111111111111111111111
점수 : 32  마지막 키 : s 마지막 M키 : a
1111111111111111111111
1000000000000000000001
1000000000000000000001
1000000000000000000001
1000000000000000000001
1000000000000000000001
1050000000000000000001
1000000000000400000001
1000000000000200000001
1000000000000200000001
1000000000000200000001
1000000000000200000001
1222222222222200000001
1222000000000000000001
1222000000000000000001
1222000000000000000001
1222000000000000000001
1222000000000000000001
1322000000000000000001
1111111111111111111111
1000000000000000000001
1000000000000000000001
1000000000000000000001
1111111111111111111111
점수 : 47  마지막 키 : d 마지막 M키 : s
1111111111111111111111
1000000000000000000001
1000000000000000000001
1000000000000000000001
1000000000000000000001
1000000000000000000501
1000000000000000000001
1000000000000000000001
1000000000222222000001
1000000000222222000001
1000000000232222000001
1000000000222222000001
1000000000222222000001
1000000000222222400001
1000000000222222200001
1000000000222222200001
1000000000000000000001
1000000000000000000001
1000000000000000000001
1111111111111111111111
1000000000000000000001
1000000000000000000001
1000000000000000000001
1111111111111111111111
점수 : 41  마지막 키 : w 마지막 M키 : d
1111111111111111111111
1005000000000000000001
1000000000000000000001
1000000000000000000001
1000000000000000000001
1000000000000000000001
1000000000000000000001
1000000000000000000001
1000000000000000000001
1000000000000000000001
1000000022222220000001
1000000020000220000001
1000000022222200000001
1000222222000000000001
1000200022000000000001
1222200220000000000001
1400000200000000000001
1022222200000000000001
1023222200000000000001
1111111111111111111111
1000000000000000000001
1000000000000000000001
1000000000000000000001
1111111111111111111111
점수 : 24  마지막 키 : w 마지막 M키 : d
1111111111111111111111
1000000000000000000001
1000000000000000000001
1000000000000000050001
1000000000000000000001
1000000000000000000001
1000000000000000000001
1000000000000000000001
1000000000000000000001
1000000000000000000001
1000000000000000000001
1000000000000000000001
1000000000222222222001
1000000000222222232001
1000000004222222222001
1000000000000000000001
1000000000000000000001
1000000000000000000001
1000000000000000000001
1111111111111111111111
1000000000000000000001
1000000000000000000001
1000000000000000000001
1111111111111111111111
점수 : 38  마지막 키 : d 마지막 M키 : w
1111111111111111111111
1022200000000000000001
1023222222224000000001
1022222220000000000001
1022222220000000000001
1022222220000000000001
1022222220000000000001
1000000000000000000001
1000000000000000000001
1000000000000000000001
1000000000000000000001
1000000000000000000001
1000000000000000000001
1000000000000000000001
1000000000000000000001
1000000000000000000001
1000000000000000000001
1000000500000000000001
1000000000000000000001
1111111111111111111111
1000000000000000000001
1000000000000000000001
1000000000000000000001
1111111111111111111111
점수 : 22  마지막 키 : d 마지막 M키 : d
1111111111111111111111
1000000000000222322001
1000000000000222222001
1000000000000220002001
1000000000002220002001
1000000000002220002001
1000000000000000052001
1000000000000000002001
1000000000000000004001
1000000000000000000001
1000000000000000000001
1000000000000000000001
1000000000000000000001
1000000000000000000001
1000000000000000000001
1000000000000000000001
1000000000000000000001
1000000000000000000001
1000000000000000000001
1111111111111111111111
1000000000000000000001
1000000000000000000001
1000000000000000000001
1111111111111111111111
점수 : 40  마지막 키 : s 마지막 M키 : a
1111111111111111111111
1000000000000000000001
1000000000000000000001
1000000000000000000001
1000000000000000000001
1000005000000000000001
1000000000222000000001
1000000000222000000001
1000000000222222222221
1000000000222320000221
1000000000222222222201
1000000000000220000001
1000000000000020000001
1000000000000020000001
1000000000000020000001
1000000000000020000001
1000000000000020000001
1000000000000020000001
1000000000000420000001
1111111111111111111111
1000000000000000000001
1000000000000000000001
1000000000000000000001
1111111111111111111111
점수 : 43  마지막 키 : s 마지막 M키 : a
1111111111111111111111
1322222222222222222221
1222222222222222222221
1200000000000000000001
1200000000000000000001
1200000000000000000001
1200000000000000000001
1200000000000000000001
1200000000000000000001
1400000000000000000001
1000000000000000000001
1000000000000000000001
1000000000000000000001
1000000000000000000001
1000000000000000000001
1000000000000000000001
1000000050000000000001
1000000000000000000001
1000000000000000000001
1111111111111111111111
1000000000000000000001
1000000000000000000001
1000000000000000000001
1111111111111111111111
점수 : 16  마지막 키 : d 마지막 M키 : d
1111111111111111111111
1000000000000000000001
1000000000000000000001
1000000000000000000001
1000000000000000000001
1000000000000000000001
1000000000000000000001
1000000000000000000001
1000000000000000000051
1002400000000000000001
1002000000000000000001
1002000000000000000001
1002002220000000000001
1002002322000000000001
1002222222000000000001
1000000000000000000001
1000000000000000000001
1000000000000000000001
1000000000000000000001
1111111111111111111111
1000000000000000000001
1000000000000000000001
1000000000000000000001
1111111111111111111111
점수 : 36  마지막 키 : d 마지막 M키 : d
1111111111111111111111
1000000000000000000001
1000000000000000000001
1000022222222220000001
1000020000000022000001
1000020000000002000001
1000020000000002000001
1000020000000002000001
1000020000000004000001
1000022222200000000001
1000222232200000000001
1000222222000000000001
1000000000000000000001
1000000000000000000001
1000000000000000005001
1000000000000000000001
1000000000000000000001
1000000000000000000001
1000000000000000000001
1111111111111111111111
1000000000000000000001
1000000000000000000001
1000000000000000000001
1111111111111111111111
점수 : 24  마지막 키 : d 마지막 M키 : w
1111111111111111111111
1000000000000000000001
1000000000000000000001
1000000000000000000001
1000000000000000000001
1000000000000000000001
1000000000000000000001
1000000000000005000001
1000000000000000000001
1000002220000000000001
1000002320000000000001
1000002220000000000001
1000002220000000000001
1000002224000000000001
1000002222000000000001
1000002222000000000001
1000002222000000000001
1000000000000000000001
1000000000000000000001
1111111111111111111111
1000000000000000000001
1000000000000000000001
1000000000000000000001
1111111111111111111111
점수 : 22  마지막 키 : a 마지막 M키 : s
1111111111111111111111
1000000000000000000001
1000000000000000000001
1000000000000000000001
1000000000000000000001
1000000000000000000001
1000000000000000000001
1000000000000000000001
1000000000000000000001
1000000000052222000001
1000000000002002000001
1000000000002002000001
1000000000002224000001
1000000000000022000001
1000000000000002220001
1000000000000002220001
1000000000000002320001
1000000000000002220001
1000000000000000000001
1111111111111111111111
1000000000000000000001
1000000000000000000001
1000000000000000000001
1111111111111111111111
점수 : 41  마지막 키 : d 마지막 M키 : d
1111111111111111111111
1000000223222222240001
1000000222222000000001
1000000220000000000001
1000000220000000000001
1000000220000000000001
1000000220000000000051
1000000220000000000001
1000000220000000000001
1000000220000000000001
1000000220000000000001
1000022220000000000001
1000020020000000000001
1000020020000000000001
1000022220000000000001
1000000000000000000001
1000000000000000000001
1000000000000000000001
1000000000000000000001
1111111111111111111111
1000000000000000000001
1000000000000000000001
1000000000000000000001
1111111111111111111111
점수 : 33  마지막 키 : a 마지막 M키 : w
1111111111111111111111
1000000000000000000001
1000000000000000000001
1000000222222222240001
1000000200000000000001
1000000200000000000001
1000000222222000000001
1000000222232000000001
1000000222222000000001
1000000222222000000001
1000000000000000000001
1000000000000000000001
1000000000000000000001
1000000000000000000001
1000000000000000000001
1000000000000000000001
1000000000000000000001
1005000000000000000001
1000000000000000000001
1111111111111111111111
1000000000000000000001
1000000000000000000001
1000000000000000000001
1111111111111111111111
점수 : 54  마지막 키 : s 마지막 M키 : a
1111111111111111111111
1322220000000000000001
1222220000000000000001
1222220000000000000001
1222220000000000000001
1222220000000000000001
1222220000000000000001
1222000000000000000001
1224000000000000000001
1220000000000000000001
1220000000000000000001
1220000000000000000001
1220000000000000000001
1220000000000000000001
1220000000000000000001
1220500000000000000001
1220000000000000000001
1222000000000000000001
1222000000000000000001
1111111111111111111111
1000000000000000000001
1000000000000000000001
1000000000000000000001
1111111111111111111111
점수 : 43  마지막 키 : a 마지막 M키 : s
1111111111111111111111
1000000000000000000001
1000000000000000000001
1000000000000000000001
1000000000000000000001
1000000000000000000001
1000000000000000000001
1000000222222220000001
1000000222222220000001
1040000222222220000001
1020000222222320000001
1022222222222220000001
1000000500000000000001
1000000000000000000001
1000000000000000000001
1000000000000000000001
1000000000000000000001
1000000000000000000001
1000000000000000000001
1111111111111111111111
1000000000000000000001
1000000000000000000001
1000000000000000000001
1111111111111111111111
점수 : 47  마지막 키 : s 마지막 M키 : a
1111111111111111111111
1000000000000000000001
1000000000000000000001
1000000000000000000001
1000000000000050000001
1000000022222000000001
1000000020002222222001
1000000020000000002201
1000000022222200000201
1000000022222200000201
1000000023222200000201
1000000022222200000201
1000000000000000000201
1000000000000000000221
1000000000000000000021
1000000000000000000021
1000000000000000000021
1000000000000000000041
1000000000000000000001
1111111111111111111111
1000000000000000000001
1000000000000000000001
1000000000000000000001
1111111111111111111111
점수 : 31  마지막 키 : d 마지막 M키 : w
1111111111111111111111
1000000000000000000001
1000000000000000000001
1000000000000000000001
1000000000000000000001
1000000000000000000001
1000000000000000000001
1000000000000000000001
1000022222400000000001
1000020000000000000001
1000020000000000000001
1000020000000000000001
1000020000000022200001
1000020000000023200001
1000020000000022205001
1000020000000000200001
1000022222222222200001
1000000000000000000001
1000000000000000000001
1111111111111111111111
1000000000000000000001
1000000000000000000001
1000000000000000000001
1111111111111111111111
점수 : 19  마지막 키 : s 마지막 M키 : a
1111111111111111111111
1000000000000000000001
1000050000000000000001
1000000000000000000001
1000000000000000000001
1000000000000000000001
1000000000000000000001
1000000000000000000001
1000000000000000000001
1000000000000000000001
1000000000000000000001
1000000000000000000001
1000000000000000000041
1000000000000000000021
1000000022200000000021
1000000023200000000021
1000000022222222222221
1000000000000000000001
1000000000000000000001
1111111111111111111111
1000000000000000000001
1000000000000000000001
1000000000000000000001
1111111111111111111111
점수 : 42  마지막 키 : s 마지막 M키 : a
1111111111111111111111
1000000000000000000001
1000000000000000000001
1000000000000000000001
1000000005000000000001
1000000000000000000001
1000022222220000000001
1000023222020000000001
1000022222020000000001
1000000000020000000001
1000000000020000000001
1000000002220000000001
1000000002000000000001
1000000002000000000001
1000000002000000000001
1000000002000000000001
1000000002000000000001
1222222222000000000001
1222222240000000000001
1111111111111111111111
1000000000000000000001
1000000000000000000001
1000000000000000000001
1111111111111111111111
점수 : 32  마지막 키 : d 마지막 M키 : d
1111111111111111111111
1000000000000000000001
1000000000000000000001
1000000000000000000001
1000000000000000000001
1000000000000000000001
1000000000000000000001
1000000000000022222201
1000000000002222223221
1000000000002222222221
1000000000002000000001
1000000000002222222221
1000000000000000000021
1000000500000000000041
1000000000000000000001
1000000000000000000001
1000000000000000000001
1000000000000000000001
1000000000000000000001
1111111111111111111111
1000000000000000000001
1000000000000000000001
1000000000000000000001
1111111111111111111111
점수 : 12  마지막 키 : s 마지막 M키 : a
1111111111111111111111
1000000000000000000001
1000000000000000000001
1000000000000000000001
1000000000000000000001
1000000000000000000001
1000000000000000000001
1000000000000000000001
1000002222000000000001
1000002322000000000001
1000002222240000000001
1000000002200000000001
1000000000000000000001
1000000005000000000001
1000000000000000000001
1000000000000000000001
1000000000000000000001
1000000000000000000001
1000000000000000000001
1111111111111111111111
1000000000000000000001
1000000000000000000001
1000000000000000000001
1111111111111111111111
점수 : 27  마지막 키 : d 마지막 M키 : d
1111111111111111111111
1000000000000000000001
1000000000000000500001
1000000000000000000001
1000000000000000000001
1000000000000000000001
1000000000000000000001
1000000000000000000001
1000000000000000000001
1000000000000000000001
1000000000000000000001
1000000000000000000001
1000000000000000000001
1000000000000000000001
1000000000000000000001
1000000222222222000001
1000000222222232200001
1000042222222222200001
1000000000000000000001
1111111111111111111111
1000000000000000000001
1000000000000000000001
1000000000000000000001
1111111111111111111111
점수 : 38  마지막 키 : s 마지막 M키 : s
1111111111111111111111
1000000000000000000001
1000000000000000000001
1000000000220000000001
1000000000220000000001
1000000000220000000001
1000000000220000000041
1000000000220000000221
1000000022232222222201
1000000022222000000001
1000000022000000000001
1000000022000000000001
1000000222050000000001
1000000222000000000001
1000000220000000000001
1000000000000000000001
1000000000000000000001
1000000000000000000001
1000000000000000000001
1111111111111111111111
1000000000000000000001
1000000000000000000001
1000000000000000000001
1111111111111111111111
점수 : 34  마지막 키 : d 마지막 M키 : s
1111111111111111111111
1000000000000000000001
1000000000000000000001
1000000000000000000001
1000000000000000000001
1000224220000000000001
1000222220000000000001
1000222220000000000001
1000223220000000000001
1000222220000000000001
1000200020000000000001
1000200020000000000001
1000200020000000000001
1000200020000000000001
1000222220000000000001
1000000000000000000001
1000000000000000000001
1000000000000005000001
1000000000000000000001
1111111111111111111111
1000000000000000000001
1000000000000000000001
1000000000000000000001
1111111111111111111111
점수 : 23  마지막 키 : a 마지막 M키 : w
1111111111111111111111
1000000000000000000001
1000000000000000000001
1000000000000000000001
1000000000000000000001
1000000000000000000001
1000222220000000000001
1000232220000000000001
1050222220000000000001
1000222222222224000001
1000000000000000000001
1000000000000000000001
1000000000000000000001
1000000000000000000001
1000000000000000000001
1000000000000000000001
1000000000000000000001
1000000000000000000001
1000000000000000000001
1111111111111111111111
1000000000000000000001
1000000000000000000001
1000000000000000000001
1111111111111111111111
점수 : 32  마지막 키 : a 마지막 M키 : w
1111111111111111111111
1000000000000000000001
1000000000000000000001
1000000000000000000001
1000000000000000000001
1000000000000000000001
1000000000000000000001
1000000000000000000001
1000000000000000000001
1000000000000000000001
1000000000000002220051
1000000000000002322221
1000000000000002222021
1000000000000002222221
1000000000000002222221
1000000000000000000021
1000000000004222222221
1000000000000000000001
1000000000000000000001
1111111111111111111111
1000000000000000000001
1000000000000000000001
1000000000000000000001
1111111111111111111111
